Снижение кол-ва датчиков в процентах
30
Кол-во итераций 100
При скорости 100
Среднее: 6452
16
3
-1
2
-1
-1
8
14
14
-1
12
-1
-1
-1
4
-1
4
-1
8
1
-1
-1
-1
2
-1
-1
6
-1
-1
-1
-1
6
-1
0
2
10
-1
14
6
4
-1
-1
-1
-1
-1
-1
-1
-1
-1
-1
-1
5
5
3
3
-1
-1
7
-1
-1
9
-1
11
-1
-1
-1
-1
-1
1
-1
-1
-1
10
-1
13
-1
-1
-1
-1
-1
3
-1
7
8
-1
-1
11
10
-1
-1
-1
-1
-1
5
8
-1
3
13
12
-1
11
-1
5
-1
-1
-1
-1
0
-1
2
-1
-1
1
14
5
-1
-1
-1
-1
-1
-1
-1
-1
-1
-1
4
-1
-1
2
-1
16
-1
7
8
-1
10
-1
-1
-1
-1
-1
-1
-1
1
-1
-1
-1
7
10
9
13
-1
-1
-1
-1
-1
3
-1
3
-1
-1
8
-1
12
-1
11
-1
-1
-1
-1
4
-1
-1
-1
-1
-1
-1
1
-1
11
15
14
-1
-1
-1
6
-1
1
1
-1
-1
-1
-1
4
-1
4
-1
-1
-1
-1
-1
-1
-1
-1
-1
5
-1
13
-1
3
-1
-1
-1
7
8
-1
10
-1
-1
-1
1
-1
-1
-1
1
-1
-1
4
8
9
-1
-1
-1
-1
-1
-1
-1
-1
3
-1
20
-1
-1
8
-1
-1
12
-1
-1
-1
-1
-1
4
-1
6
8
-1
-1
11
-1
-1
-1
15
-1
12
-1
-1
-1
-1
-1
0
-1
-1
-1
-1
5
14
-1
4
-1
-1
-1
-1
-1
-1
-1
9
-1
-1
4
12
-1
2
-1
16
-1
-1
9
-1
-1
-1
-1
1
-1
-1
2
-1
-1
20
6
8
-1
-1
-1
13
-1
-1
-1
-1
-1
-1
-1
21
-1
7
-1
-1
-1
11
19
11
-1
16
-1
4
-1
6
-1
-1
-1
12
-1
11
10
10
-1
-1
-1
-1
-1
6
0
7
-1
10
-1
-1
9
14
4
-1
-1
-1
17
-1
-1
-1
-1
-1
-1
4
12
-1
-1
-1
7
7
-1
8
-1
-1
-1
0
-1
2
-1
1
-1
5
-1
5
8
-1
13
-1
-1
-1
-1
-1
-1
